Executing first task:

Unsorted numbers after generation
9606, -4233, -11272, -22927, 6241, 29151, 29652, 31093

sort on randomized array of size 8:
bubblesort:    0.000002s
quicksort:     0.000001s
mergesort:     0.000001s
insertionsort: 0.000000s
-22927, -11272, -4233, 6241, 9606, 29151, 29652, 31093
Unsorted numbers after generation
380, 21920, -29631, -14488, -5300, 11927, -15289, -6454, -16704, -29740, 25287, 1176, -31826, -7320, -22299, 
-22217

sort on randomized array of size 16:
bubblesort:    0.000002s
quicksort:     0.000002s
mergesort:     0.000001s
insertionsort: 0.000001s
-31826, -29740, -29631, -22299, -22217, -16704, -15289, -14488, -7320, -6454, -5300, 380, 1176, 11927, 21920, 
25287
Unsorted numbers after generation
-21685, -19686, -13235, -22833, 10578, -18231, 25262, 8776, -22672, 30143, 20136, 28159, 1221, 3495, 16843, 
-1401, 10223, -19599, 3615, 30726, -4968, 26429, 25349, 22509, 3303, -30710, -29979, -30270, 244, -30406, 
1844, 19006, 11033, 29632, 18668, -29616, 8099, -32600, 25237, 10668, 22538, -31315, -6021, 17393, -2498, 
21233, -13690, 5001, -918, 32354, -7843, 4913, -4978, -10135, -21755, 13119, -6212, -14092, -6068, -20483, 
27168, 23303, -19127, 12895

sort on randomized array of size 64:
bubblesort:    0.000013s
quicksort:     0.000002s
mergesort:     0.000004s
insertionsort: 0.000001s
-32600, -31315, -30710, -30406, -30270, -29979, -29616, -22833, -22672, -21755, -21685, -20483, -19686, -19599, -19127, 
-18231, -14092, -13690, -13235, -10135, -7843, -6212, -6068, -6021, -4978, -4968, -2498, -1401, -918, 244, 
1221, 1844, 3303, 3495, 3615, 4913, 5001, 8099, 8776, 10223, 10578, 10668, 11033, 12895, 13119, 
16843, 17393, 18668, 19006, 20136, 21233, 22509, 22538, 23303, 25237, 25262, 25349, 26429, 27168, 28159, 
29632, 30143, 30726, 32354
